1
2
3
4
5
6
7 8
9 273
15 14 16
10 13 11 12
76 75
23
24
218
214 213 215 216
21 22
219 220 217
25
409
17
18
20 19
26
274
74
29 27
28 30
77 78
420 419
73
31 32
79
80 81
33 34
315
35 36
37
410
316
317
82 84 85
301 300
42
83
411
86
38 39
232 233
87
221
305
302 304 303
40
43
275
41
44
45 46 47
48 49
234
89 90
50
235
230 229
94 95
223 224 226
225
306 307
309 308
227
228
88
51
343 340 222
312
310
311
376
91
92
93
318 319
341
52 53
96
54
55 56
231
342
313
344
58 59
60 61
97
100
101
57
99 98
102
414 413 412
72 103
422 421 423 426
67
346 345
320
241 240
62 63
64 65 66
348 349
104
347
68 69
236 237
106 107
238
239
424
425
110
105
108 109
70 71
314
112 111
276
350 351 352 353
242
113
114 117 116 115
243
245 244
119 118
427 429 428
321
378 379
377
122
123 120 121
247 246
124
322 323
380 381 382 383
125 126
131
135
249 248
250
251 252
324 325
129
127 128
130 132 133
385 384
134
136
137 138
139
386
140 141
255
253 254
327 326
142 258 257
143
144
145
277
259
146 147
357 356
355 354
149 148
328
387 388
389
390 392 391
151 150
153 152 154
155
260
256
156 158
157
394 393 395
396
415 416
159
330 329 331 332
160
161
334
397
162 163 164
262
166 165 167
358
168
333
279 278 281 280
169
282
170
336 335
359
360 361
398
399
284 283 285
171 172
173
431 430
174
286
175
176 177
178
287
179
363 362
364
432
180
288
181
182
183 184
185
186
187
261
418 417
188
189 190
365
191 192
366
193
263
194 195
400
367 368
197 196
198
401 402
200
199 289 290
201
291
202
204
203
433
370
205 206
264 265
266
207
267
208 209
210 211
371
212
434
295 292
294 293
369
337
374 372
403
268 269
271 270
296
297
375
404 405
406
338 339
272
298
299
407
373
408
