1 
2 
3 
4
5 
6 
7 8 
9 273 
14 15 16 
10 11 12 13 
75 76 
23 
24 
218 
213 214 215 216 
21 22 
217 220 219 
25 
409 
17 
18 
19 20 
26 
274 
74 
27 29 
28 30 
77 78 
419 420 
73 
31 32 
79 
80 81 
33 34 
315 
35 36 
37 
410 
316 
317 
82 84 85 
300 301 
42 
83 
411 
86 
38 39 
232 233
87 
221 
305 
303 304 302 
40 
43 
275 
41 
44 
45 46 47 
48 49 
234 
89 90 
50 
235 
229 230 
94 95 
223 224 226 
225 
306 307 
308 309 
227 
228 
88 
51 
222 340 343 
312 
310 
311 
376 
91 
92 
93 
318 319 
341 
52 53 
96 
54 
55 56 
231 
342 
313 
344 
58 59 
60 61 
97 
100 
101 
57 
98 99 
102 
412 413 414 
72 103 
421 422 423 426 
67 
345 346 
320 
240 241 
62 63 
64 65 66 
348 349 
104 
347 
68 69 
236 237 
106 107 
238 
239 
424 
425 
110 
105 
108 109 
70 71 
314 
111 112 
276 
350 351 352 353 
242 
113 
114 115 116 117 
243 
244 245 
118 119 
427 428 429 
321 
378 379 
377 
122 
120 121 123 
246 247 
124 
322 323 
380 381 382 383 
125 126 
131 
135 
248 249 
250 
251 252 
324 325 
129 
127 128 
130 132 133 
384 385 
134 
136 
137 138 
139 
386 
140 141 
255 
253 254 
326 327 
142 257 258 
143 
144 
145 
277 
259 
146 147 
356 357 
354 355 
148 149 
328 
387 388 
389 
390 391 392 
150 151 
152 153 154 
155 
260 
256 
156 158 
157 
393 394 395 
396 
415 416 
159 
330 331 332 329 
160 
161 
334 
397 
162 163 164 
262 
165 166 167 
358 
168 
333 
278 279 280 281 
169 
282 
170 
335 336 
359 
360 361 
398 
399 
283 284 285 
171 172 
173 
430 431 
174 
286 
175 
176 177 
178 
287 
179 
362 363 
364 
432 
180 
288 
181 
182 
183 184 
185 
186 
187 
261 
417 418 
188 
189 190 
365 
191 192 
366 
193 
263 
194 195 
400 
367 368 
196 197 
198 
401 402 
200 
199 289 290 
201 
291 
202 
204 
203 
433 
370 
205 206 
264 265 
266 
207 
267 
208 209 
210 211 
371 
212 
434 
292 295 
293 294 
369 
337 
372 374 
403 
268 269 
270 271 
296 
297 
375 
404 405 
406 
338 339 
272 
298 
299 
407 
373 
408 