1
2 6 3 
4 5 -1
7
8
9
10
11 13 12 
15 14 16 17 18 20
19
21
22
23
24
25
26
27
28 29 -1
30
31
32
33 34 -1
35
36
37
38
39
40
41 42 43 44
45
46
47
48
49
50
51
52
54 53 -1
55
56
57
58
60 59 -1
61
62
63
64
65 66
67
68
69
72 73 71 70
75 76 74 
77
78
79
80
81
82
83
84 85 -1
86
87
89 88
90
91
92 93 -1
94
95
96
97
98
99
100
101
102
104 103 105 
106 107 -1
108
110 109
111
112
113
114
115
116
117
118
119
120
122 121
123
124
125
126 127 -1
128
129
131 130
132
133
134
135
136
137 139 138 
140
141
142 143 
144
145 146 
147
148
149
150
151
152
153 154 -1
155
156
157
158
159
160
161
162
163
164
165
166
167
170
171
172
173
174
175
176
177
178 179 -1
180 181
182
183
184
185
187 188 186
189
190
191
192
193
194
195
196 197 
198
199
200
201
202 203 -1
204
205
206
207
208
209
211 210 
212 214 213 
215
216
217 218 -1
219
220
221
222
223
224
225
226
228 227 
229
230
231
232
233
234
235
236
240 239 237 238 
242 241 
243
244
245 246 
249 248 247
250
251
252
253
254
255
256
257
258 259 
260
261
262
264 263 
269 270 266 267 268 265
271
272
273
274
275 278 279 283
276
277
280
281
282
284
285
286
287
288
289
290
291
292
293
294
299
301 300
302
303
304
305
306
309 308 310 307 
311 312
313 314
315
316
317
318
321 324 322 323 320
325
326
327
328
329
330
331
332 333
337 336 338 334 335
340
341
342
343 344
345
346 347 -1
348
349
350
352 353 351 
354
355
356
358 357 -1
359
361 360 
362
363
365 364 366 