1 2
4 3
6 5
7
8
10 9
11 12
13 14
16 15
17
18
19
20
21 22
23
24
26 27 25
28 29 30
31 32
33
35 34 -1
38 36 -1
37 42
39
40
41
44 43
45
46
61 47 -1
48
49
50
52 51
54 53
56 55 57
58
59
60 63 62
64 68 -1
65 66 67
69
70 71
72
73 74 -1
76 75 77
78
79 80 -1
81
82
83
84
85
86
88 87
89 90
91 92 -1
93 94 -1
96 95
98 97
99 100
101 102 103
105 104 -1
106
107
109 108 -1
110
111
112 113 -1
115 114
116 117 -1
118 119
121 122 120 123
124
125
127 126
128
129 130 -1
132 131 133 134
135 136
137 138
140 139 -1
141 142
144 143
145 146 -1
147 
148 149 -1
150
151 152 -1
153
155 154
156
157
158
161 162
165 163 164
169 167 168 166
172 173
176
180
178 177 179
182 181 183
184 185
186 187
188
189
190
191
193 192
194 195 -1
197 196 198
199 200
202 201
203
206 205 -1
208 207
210 209
211 212 -1
213 214
215 216
217 218
219
220
221 222
223 224
226 225
227
228
229
230
231
232
233 234
236 235
237
238 239
241 240
242 243 -1
244
245 246
248 247
251 252 249 250
253
254 255
258 259 256
257
260
261
262
263
268
269 270
271 272
273
274
276 275
277 278
279
280
281 282
283
284
286
308 309 310 287
288
289
290
293 291 294
292
295
296 297
299 298
300
301
302 303
304 305
306
307
311 312
314 315 316 313
317 319 320 321
318
322 323
324
325 326 327
328 329
330 331
332
333 334
336 335 -1
338 337 339
340 341 -1
342 343 -1
346 345 344
347 348
350 349
351
353 352
354
355
356
357 358
359 360 361
362
363 364 -1
366 367 365
369 368
370
374 376
375
378 377 -1
380 379
381
382
383 384
385 386
387
389 390
391 392
394 393 395
397 396
398
400 399
425 401
402
404 403 -1
406 405 -1
408 409 407 410
412 411 -1
413
414
415
416
417 418
420 419 421 422
424 423
426
428 429 427
430 431 432
433 435 434
436 438 437
440 439
441 442
443 454 455
445 444
446
447
448 449 -1
450
451 452 -1
453
456 457
458
459 460 479 480
461 463 462
464 465
466
467 468
469 470
471 472
473
474
475 476
478 477
481 482 -1
484 483
485
486
487
488 489 490
491
493 494 492
495
496 497
498 499
501
500
502
503
504 523 524
505 506 -1
509 508 507
510 513 518
511 512
514
515 516
517
519
520
521 522
527 525
526 528
529 530
531 532 -1
533
534
535 536 -1
539 538 537
541 540
542
544 543
545
546
547 548
549 550 -1
551 553 552
555 554 -1
556
557
558
559
561 560
563 565 562 564
567
569 568 566
570 571
573 572
575 574
577 576
578
580 579
581 582
583 584
585 587
586
588
589 591 -1
590
592 593
594 595 599
596 597
598
600
601
602
603
604 605 -1
606 607
608 609
610 616
611
612 614 613
615
618 617 619
620 621
622
623
624
627 628
629
